2 0.01015625 0.09453125 0.01953125 0.1546875
2 0.03515625 0.0953125 0.0453125 0.15703125
2 0.071875 0.09375 0.04375 0.159375
2 0.11015625 0.09765625 0.03984375 0.15625
2 0.13984375 0.10546875 0.03359375 0.1390625
2 0.1671875 0.10703125 0.03203125 0.13984375
2 0.19375 0.10625 0.02890625 0.13671875
2 0.21796875 0.1078125 0.03203125 0.13828125
2 0.2421875 0.10625 0.02734375 0.13671875
2 0.26875 0.09921875 0.0421875 0.159375
2 0.303125 0.0984375 0.0390625 0.159375
2 0.334375 0.10625 0.02734375 0.14921875
2 0.359375 0.1046875 0.0265625 0.146875
2 0.3875 0.103125 0.03125 0.15078125
2 0.41796875 0.0984375 0.03671875 0.15703125
2 0.4515625 0.1046875 0.0390625 0.153125
2 0.4859375 0.10234375 0.03515625 0.1546875
2 0.5171875 0.10234375 0.03359375 0.15625
2 0.55 0.103125 0.0328125 0.15234375
2 0.58125 0.11640625 0.0296875 0.13125
2 0.61015625 0.11484375 0.0296875 0.1328125
2 0.65390625 0.13671875 0.06328125 0.08984375
2 0.69375 0.1046875 0.03515625 0.153125
2 0.72734375 0.10234375 0.03359375 0.15703125
2 0.78671875 0.1015625 0.03359375 0.15078125
2 0.81875 0.1 0.03828125 0.14609375
2 0.85859375 0.1 0.0375 0.146875
2 0.8953125 0.1015625 0.0359375 0.1453125
2 0.93359375 0.1015625 0.0375 0.14296875
2 0.9703125 0.09921875 0.03515625 0.14296875
2 0.99375 0.10390625 0.0125 0.1328125
2 0.9734375 0.27890625 0.0375 0.14453125
2 0.93515625 0.28046875 0.03828125 0.1484375
2 0.89609375 0.28046875 0.0390625 0.1453125
2 0.86015625 0.28125 0.0375 0.14296875
2 0.81796875 0.28203125 0.03984375 0.14609375
2 0.7859375 0.2796875 0.03125 0.14375
2 0.75546875 0.27890625 0.02890625 0.146875
2 0.7265625 0.278125 0.03359375 0.146875
2 0.696875 0.28046875 0.03203125 0.15
2 0.65234375 0.32265625 0.0671875 0.065625
2 0.60546875 0.29140625 0.0296875 0.12734375
2 0.57734375 0.28984375 0.0328125 0.125
2 0.54765625 0.28203125 0.0328125 0.1421875
2 0.51640625 0.2796875 0.03203125 0.14921875
2 0.4828125 0.27890625 0.03359375 0.14921875
2 0.44921875 0.2796875 0.03515625 0.14921875
2 0.415625 0.28046875 0.03359375 0.1484375
2 0.384375 0.27890625 0.03515625 0.14765625
2 0.3515625 0.2796875 0.0359375 0.14765625
2 0.31875 0.28125 0.03984375 0.15390625
2 0.28515625 0.28125 0.03984375 0.15390625
2 0.25546875 0.28671875 0.02890625 0.13203125
2 0.23046875 0.28671875 0.03203125 0.13359375
2 0.2046875 0.2875 0.0328125 0.13671875
2 0.17734375 0.2859375 0.034375 0.13828125
2 0.15234375 0.284375 0.03515625 0.13671875
2 0.121875 0.2796875 0.040625 0.146875
2 0.084375 0.27890625 0.0421875 0.15234375
2 0.0515625 0.278125 0.040625 0.14921875
2 0.0171875 0.278125 0.034375 0.14609375
2 0.02109375 0.471875 0.04140625 0.14765625
2 0.0546875 0.47109375 0.04140625 0.1453125
0 0.08203125 0.48515625 0.03515625 0.13828125
2 0.128125 0.47109375 0.03515625 0.14609375
2 0.15859375 0.47109375 0.0328125 0.14375
2 0.19375 0.46953125 0.03671875 0.1453125
2 0.22578125 0.46875 0.0359375 0.1453125
2 0.25546875 0.4703125 0.03671875 0.14453125
2 0.2890625 0.46875 0.040625 0.14765625
2 0.321875 0.46875 0.03828125 0.15078125
2 0.35390625 0.4671875 0.03515625 0.14609375
2 0.38515625 0.4671875 0.03515625 0.1515625
2 0.41875 0.4640625 0.03671875 0.14921875
2 0.45 0.4640625 0.03515625 0.14765625
2 0.48203125 0.46640625 0.03828125 0.15078125
2 0.5140625 0.46953125 0.03515625 0.14609375
2 0.5453125 0.46953125 0.0359375 0.14140625
2 0.5734375 0.48046875 0.028125 0.125
2 0.6 0.484375 0.03046875 0.125
2 0.6453125 0.50703125 0.0609375 0.06484375
2 0.68125 0.46640625 0.03359375 0.140625
2 0.715625 0.46953125 0.03125 0.1421875
2 0.7453125 0.46953125 0.03046875 0.14375
2 0.77265625 0.46953125 0.028125 0.140625
2 0.8 0.46953125 0.03203125 0.140625
2 0.83203125 0.46796875 0.0328125 0.13984375
2 0.86484375 0.46953125 0.03984375 0.13984375
2 0.8984375 0.46953125 0.0375 0.1421875
2 0.93046875 0.46875 0.0359375 0.14140625
2 0.9609375 0.46875 0.03515625 0.13984375
2 0.98984375 0.48046875 0.0203125 0.1171875
2 0.95625 0.66015625 0.03125 0.12890625
2 0.9890625 0.675 0.021875 0.134375
2 0.93359375 0.690625 0.02421875 0.1015625
2 0.91015625 0.69140625 0.03125 0.09296875
2 0.87890625 0.653125 0.03671875 0.1640625
2 0.84375 0.6546875 0.03515625 0.1671875
2 0.8140625 0.6609375 0.0296875 0.1609375
2 0.7875 0.659375 0.0265625 0.15625
2 0.75625 0.68125 0.02578125 0.11015625
2 0.7296875 0.6765625 0.0265625 0.11484375
2 0.70234375 0.67265625 0.03515625 0.121875
2 0.65390625 0.69609375 0.0703125 0.07265625
2 0.60625 0.67421875 0.02890625 0.121875
2 0.58203125 0.6765625 0.03125 0.12109375
2 0.55078125 0.66328125 0.034375 0.14375
2 0.51796875 0.6640625 0.0359375 0.15
2 0.4828125 0.6625 0.03515625 0.146875
2 0.45078125 0.6609375 0.03671875 0.1484375
2 0.41796875 0.6609375 0.03515625 0.14453125
2 0.3859375 0.66171875 0.03359375 0.146875
2 0.3515625 0.6625 0.0359375 0.1453125
2 0.31953125 0.66640625 0.0390625 0.14765625
2 0.2859375 0.66796875 0.03984375 0.14921875
2 0.25234375 0.67265625 0.03828125 0.1421875
2 0.2203125 0.6703125 0.0375 0.1390625
2 0.18984375 0.6640625 0.0421875 0.140625
2 0.15078125 0.66953125 0.0421875 0.140625
2 0.11796875 0.67265625 0.0390625 0.146875
2 0.0828125 0.67421875 0.04453125 0.1484375
2 0.0484375 0.67265625 0.04296875 0.1484375
2 0.015625 0.67265625 0.03125 0.14609375
2 0.02109375 0.865625 0.040625 0.140625
2 0.05234375 0.86484375 0.040625 0.14140625
2 0.09375 0.85390625 0.0375 0.14296875
2 0.121875 0.86328125 0.0390625 0.14296875
2 0.1578125 0.86171875 0.0375 0.13828125
2 0.19140625 0.8609375 0.0359375 0.13828125
2 0.22578125 0.85859375 0.034375 0.1390625
2 0.259375 0.85703125 0.03984375 0.140625
2 0.31328125 0.85859375 0.06953125 0.14296875
2 0.37265625 0.86015625 0.05 0.1421875
2 0.42890625 0.8546875 0.0515625 0.14375
2 0.4796875 0.85390625 0.053125 0.1578125
2 0.540625 0.85703125 0.065625 0.14921875
2 0.58359375 0.86328125 0.02890625 0.121875
2 0.609375 0.86328125 0.02890625 0.12265625
2 0.65078125 0.85859375 0.0609375 0.128125
2 0.69296875 0.85078125 0.03046875 0.13828125
2 0.72265625 0.85 0.02578125 0.140625
2 0.7640625 0.846875 0.06171875 0.15390625
2 0.8234375 0.853125 0.06328125 0.16171875
2 0.86796875 0.85078125 0.028125 0.15546875
2 0.89375 0.84609375 0.028125 0.1484375
2 0.92109375 0.871875 0.03125 0.1125
2 0.9453125 0.871875 0.02890625 0.11328125
2 0.97109375 0.85625 0.0296875 0.1421875
2 0.99140625 0.85546875 0.0171875 0.1484375
2 0.75859375 0.1046875 0.03359375 0.15546875