2 0.03515625 0.09765625 0.04375 0.155078125
2 0.10859375 0.1 0.042578125 0.155859375
2 0.1359375 0.10546875 0.034765625 0.1421875
2 0.16328125 0.1078125 0.035546875 0.140234375
2 0.2125 0.109375 0.03671875 0.141015625
2 0.24140625 0.109375 0.030078125 0.141015625
2 0.190625 0.109375 0.033984375 0.13828125
2 0.271875 0.1015625 0.04296875 0.159765625
2 0.3046875 0.1015625 0.040625 0.158984375
2 0.33671875 0.10703125 0.03125 0.1484375
2 0.3875 0.10625 0.028125 0.146875
2 0.41796875 0.103125 0.0359375 0.155859375
2 0.36015625 0.10703125 0.029296875 0.145703125
2 0.4859375 0.10390625 0.034765625 0.1546875
2 0.45078125 0.103125 0.035546875 0.155859375
2 0.55234375 0.10625 0.035546875 0.152734375
2 0.5828125 0.11640625 0.03125 0.1296875
2 0.6109375 0.11640625 0.02890625 0.133203125
2 0.65546875 0.13515625 0.0703125 0.089453125
2 0.51640625 0.10546875 0.032421875 0.15
2 0.728125 0.10625 0.03203125 0.14921875
2 0.75859375 0.10546875 0.035546875 0.155078125
2 0.6953125 0.1046875 0.033984375 0.149609375
2 0.85390625 0.10234375 0.042578125 0.151953125
2 0.78515625 0.10390625 0.033203125 0.148828125
2 0.89609375 0.103125 0.0375 0.14921875
2 0.8140625 0.10390625 0.037890625 0.1484375
2 0.92890625 0.10390625 0.0390625 0.144921875
2 0.9921875 0.10625 0.015234375 0.140625
2 0.04609375 0.2796875 0.040625 0.149609375
2 0.01640625 0.2796875 0.0328125 0.15
2 0.08359375 0.28046875 0.0421875 0.151953125
2 0.1203125 0.28046875 0.04140625 0.15
2 0.1515625 0.2875 0.037890625 0.13828125
2 0.1765625 0.28828125 0.03515625 0.134375
2 0.203125 0.28828125 0.037109375 0.135546875
2 0.22890625 0.28828125 0.035546875 0.133203125
2 0.25390625 0.28828125 0.034375 0.134375
2 0.28203125 0.28125 0.038671875 0.15078125
2 0.32109375 0.28125 0.038671875 0.150390625
2 0.3515625 0.28125 0.034765625 0.152734375
2 0.38359375 0.28046875 0.034375 0.1515625
2 0.415625 0.28203125 0.034375 0.148828125
2 0.45 0.2828125 0.034375 0.15
2 0.4828125 0.2828125 0.033984375 0.149609375
2 0.515625 0.2828125 0.033984375 0.14765625
2 0.54921875 0.2859375 0.0328125 0.144140625
1 0.57890625 0.29375 0.0265625 0.12421875
2 0.60859375 0.2953125 0.029296875 0.125
2 0.6515625 0.325 0.071484375 0.06328125
2 0.69765625 0.284375 0.033203125 0.149609375
2 0.72734375 0.28359375 0.033203125 0.145703125
2 0.75625 0.2828125 0.03203125 0.14609375
2 0.7875 0.2828125 0.033984375 0.146875
2 0.81640625 0.28359375 0.036328125 0.14375
2 0.85390625 0.2828125 0.0390625 0.144140625
2 0.8921875 0.28203125 0.040625 0.142578125
2 0.93125 0.28203125 0.03828125 0.14375
2 0.9671875 0.28203125 0.03984375 0.144921875
2 0.9921875 0.28515625 0.015625 0.136328125
2 0.9859375 0.4828125 0.028125 0.116015625
2 0.959375 0.47109375 0.037890625 0.140625
2 0.92734375 0.471875 0.0359375 0.140625
2 0.8953125 0.47265625 0.0375 0.140625
2 0.8625 0.47265625 0.03671875 0.139453125
2 0.8296875 0.47265625 0.033984375 0.139453125
2 0.7984375 0.47109375 0.03359375 0.1390625
2 0.77109375 0.47109375 0.029296875 0.140625
2 0.74296875 0.471875 0.030078125 0.140625
2 0.71484375 0.47265625 0.03125 0.140625
2 0.6859375 0.4734375 0.02890625 0.140234375
2 0.6453125 0.5109375 0.065625 0.062890625
2 0.6015625 0.4828125 0.027734375 0.119140625
2 0.575 0.48359375 0.028515625 0.121875
2 0.54609375 0.47265625 0.032421875 0.1375
2 0.51484375 0.471875 0.032421875 0.141015625
2 0.48046875 0.471875 0.033203125 0.143359375
2 0.44765625 0.47109375 0.0328125 0.142578125
2 0.415625 0.47265625 0.034375 0.144921875
2 0.384375 0.4703125 0.03203125 0.146484375
2 0.35234375 0.47109375 0.035546875 0.146875
2 0.32109375 0.4734375 0.0359375 0.146484375
2 0.2875 0.471875 0.037109375 0.144140625
2 0.25625 0.475 0.03671875 0.14296875
2 0.221875 0.47578125 0.0375 0.141796875
2 0.18828125 0.47578125 0.036328125 0.141796875
2 0.15390625 0.475 0.038671875 0.140625
2 0.1203125 0.47578125 0.041015625 0.141796875
2 0.08515625 0.475 0.0375 0.144140625
2 0.05 0.47421875 0.041015625 0.142578125
2 0.01875 0.47578125 0.0375 0.1421875
2 0.0140625 0.67734375 0.027734375 0.145703125
2 0.04296875 0.678125 0.04375 0.144140625
2 0.08046875 0.67578125 0.038671875 0.1453125
2 0.1140625 0.67578125 0.037890625 0.14375
2 0.1484375 0.67421875 0.040625 0.142578125
2 0.18359375 0.67421875 0.0390625 0.141796875
2 0.21796875 0.6734375 0.0359375 0.141015625
2 0.25078125 0.675 0.0375 0.14296875
2 0.284375 0.6703125 0.0375 0.144140625
2 0.31796875 0.6703125 0.0375 0.146875
2 0.35078125 0.66796875 0.0375 0.154296875
2 0.01875 0.8671875 0.0375 0.14375
2 0.05234375 0.8671875 0.039453125 0.140625
2 0.08671875 0.86640625 0.040625 0.138671875
2 0.11953125 0.86796875 0.0390625 0.141796875
2 0.15390625 0.8671875 0.039453125 0.13984375
2 0.18828125 0.86640625 0.036328125 0.140625
2 0.22109375 0.8671875 0.0359375 0.140625
2 0.25546875 0.86328125 0.0359375 0.138671875
2 0.2875 0.85546875 0.022265625 0.146875
2 0.325 0.86015625 0.06796875 0.145703125
2 0.384375 0.8609375 0.05 0.13984375
2 0.43359375 0.8625 0.05 0.14375
2 0.4828125 0.85546875 0.049609375 0.151171875
2 0.540625 0.85859375 0.066015625 0.145703125
2 0.584375 0.86484375 0.028125 0.120703125
2 0.6109375 0.86484375 0.028515625 0.121875
2 0.65703125 0.8671875 0.061328125 0.140625
2 0.69453125 0.85625 0.03125 0.14375
2 0.721875 0.85625 0.03125 0.141015625
2 0.3859375 0.66640625 0.03359375 0.151171875
2 0.41796875 0.66875 0.0359375 0.14453125
2 0.45078125 0.66796875 0.035546875 0.144921875
2 0.48515625 0.66796875 0.0328125 0.145703125
2 0.51875 0.66796875 0.034375 0.14375
2 0.55078125 0.6703125 0.034375 0.140234375
2 0.58203125 0.68046875 0.029296875 0.123828125
2 0.6078125 0.678125 0.028125 0.12421875
2 0.65546875 0.703125 0.0734375 0.075
2 0.7 0.6796875 0.028515625 0.12265625
2 0.73046875 0.68359375 0.026953125 0.1140625
2 0.759375 0.68359375 0.027734375 0.1140625
2 0.790625 0.6640625 0.031640625 0.159765625
2 0.815625 0.6640625 0.030859375 0.159375
2 0.85078125 0.65859375 0.044921875 0.16875
2 0.8828125 0.65703125 0.041015625 0.167578125
2 0.91171875 0.7 0.0328125 0.091015625
2 0.93984375 0.69921875 0.0296875 0.0921875
2 0.96953125 0.68046875 0.033203125 0.133203125
2 0.98984375 0.67890625 0.0203125 0.133203125
2 0.765625 0.85390625 0.065234375 0.1609375
2 0.8234375 0.85390625 0.065625 0.159375
2 0.86796875 0.8515625 0.038671875 0.159765625
2 0.90078125 0.8578125 0.0421875 0.15
2 0.9265625 0.87421875 0.021875 0.117578125
2 0.9453125 0.87421875 0.028515625 0.111328125
2 0.97109375 0.86171875 0.034375 0.1421875
2 0.9921875 0.8609375 0.015625 0.147265625
2 0.96875 0.103125 0.040625 0.146875
2 0.009375 0.0984375 0.01875 0.153515625
2 0.07109375 0.0984375 0.04375 0.15390625