2 0.00859375 0.096875 0.0171875 0.153515625
2 0.06875 0.096875 0.03671875 0.156640625
2 0.10703125 0.09765625 0.0421875 0.1578125
2 0.1375 0.10625 0.03203125 0.141015625
2 0.165625 0.10703125 0.025390625 0.1390625
2 0.190625 0.1078125 0.028125 0.137890625
2 0.21796875 0.11015625 0.0296875 0.13125
2 0.2703125 0.10078125 0.034375 0.157421875
2 0.3046875 0.10078125 0.0375 0.158203125
2 0.334375 0.10625 0.028515625 0.147265625
2 0.3609375 0.10625 0.028515625 0.149609375
2 0.3875 0.10625 0.027734375 0.144140625
2 0.4171875 0.103125 0.03515625 0.153515625
2 0.4515625 0.10390625 0.034375 0.153125
2 0.48515625 0.1046875 0.034375 0.153125
2 0.51953125 0.1046875 0.0328125 0.152734375
2 0.55234375 0.10625 0.032421875 0.149609375
2 0.58125 0.11640625 0.027734375 0.126953125
2 0.609375 0.11484375 0.025390625 0.129296875
2 0.6546875 0.1359375 0.062890625 0.087890625
2 0.6984375 0.10390625 0.030859375 0.1484375
2 0.7265625 0.1046875 0.030859375 0.149609375
2 0.75703125 0.1046875 0.0296875 0.150390625
2 0.7875 0.1046875 0.03046875 0.149609375
2 0.81796875 0.1046875 0.038671875 0.146875
2 0.85703125 0.1046875 0.039453125 0.146875
2 0.8953125 0.103125 0.03515625 0.144140625
2 0.93203125 0.103125 0.034375 0.14453125
2 0.9671875 0.103125 0.034375 0.14375
2 0.99375 0.10546875 0.0125 0.14375
2 0.99296875 0.28515625 0.0140625 0.139453125
2 0.9671875 0.28125 0.03515625 0.14375
2 0.9296875 0.28125 0.037109375 0.144140625
2 0.89140625 0.28125 0.038671875 0.14296875
2 0.8578125 0.27734375 0.03984375 0.146875
2 0.82109375 0.27890625 0.042578125 0.146875
2 0.78359375 0.28046875 0.029296875 0.144921875
2 0.7546875 0.28125 0.028515625 0.14375
2 0.72578125 0.2828125 0.028125 0.146484375
2 0.69609375 0.28125 0.029296875 0.149609375
2 0.6515625 0.32421875 0.062109375 0.067578125
2 0.60703125 0.29453125 0.026953125 0.126171875
2 0.57890625 0.29453125 0.0296875 0.126171875
2 0.5484375 0.28203125 0.03359375 0.1484375
2 0.51484375 0.28046875 0.033203125 0.145703125
2 0.48203125 0.28046875 0.034375 0.145703125
2 0.44921875 0.27890625 0.034375 0.1484375
2 0.415625 0.2796875 0.033984375 0.150390625
2 0.38359375 0.2796875 0.034375 0.147265625
2 0.35078125 0.28046875 0.0359375 0.15
2 0.3171875 0.28046875 0.03515625 0.148046875
2 0.28203125 0.28046875 0.036328125 0.148828125
2 0.253125 0.2890625 0.025390625 0.131640625
2 0.22890625 0.2875 0.0296875 0.130859375
2 0.20546875 0.28828125 0.0265625 0.13125
2 0.18125 0.2875 0.025390625 0.13203125
2 0.153125 0.28515625 0.0375 0.1328125
2 0.11796875 0.28046875 0.040625 0.148046875
2 0.08125 0.2796875 0.034765625 0.147265625
2 0.0453125 0.278125 0.040234375 0.149609375
2 0.015625 0.278125 0.030859375 0.149609375
2 0.01953125 0.47109375 0.038671875 0.148046875
2 0.05703125 0.475 0.028125 0.14375
2 0.08671875 0.47421875 0.0359375 0.1453125
2 0.121875 0.47421875 0.03828125 0.139453125
2 0.15703125 0.471875 0.034375 0.147265625
2 0.18828125 0.471875 0.038671875 0.14453125
2 0.225 0.47421875 0.028515625 0.1453125
2 0.253125 0.4734375 0.034765625 0.13984375
2 0.2875 0.4703125 0.03671875 0.14375
2 0.32109375 0.47265625 0.0375 0.144921875
2 0.353125 0.47109375 0.034375 0.15
2 0.38515625 0.4703125 0.030078125 0.14765625
2 0.41640625 0.46953125 0.0359375 0.146875
2 0.4484375 0.46953125 0.03359375 0.144921875
2 0.48046875 0.46953125 0.034375 0.14375
2 0.515625 0.4703125 0.03125 0.140234375
2 0.5453125 0.47265625 0.03125 0.133203125
2 0.57421875 0.48203125 0.0265625 0.119921875
2 0.60078125 0.48359375 0.026953125 0.11875
2 0.64296875 0.51015625 0.05625 0.059375
2 0.684375 0.4734375 0.027734375 0.134375
2 0.71484375 0.471875 0.0265625 0.140625
2 0.74296875 0.471875 0.028125 0.1375
2 0.77265625 0.46953125 0.033203125 0.139453125
2 0.7984375 0.47109375 0.02890625 0.1390625
2 0.82890625 0.46953125 0.030078125 0.134375
2 0.8625 0.4703125 0.040234375 0.14140625
2 0.89140625 0.471875 0.032421875 0.137890625
2 0.92734375 0.46875 0.0390625 0.14296875
2 0.96015625 0.46953125 0.0328125 0.139453125
2 0.98671875 0.4796875 0.0234375 0.121484375
2 0.99140625 0.67734375 0.016796875 0.135546875
2 0.96796875 0.67890625 0.030078125 0.129296875
2 0.9390625 0.696875 0.028125 0.090234375
2 0.91171875 0.69921875 0.028125 0.089453125
2 0.884375 0.65703125 0.0375 0.1671875
2 0.85078125 0.65625 0.038671875 0.165625
2 0.8171875 0.6609375 0.028125 0.155859375
2 0.790625 0.6625 0.028125 0.156640625
2 0.759375 0.68046875 0.02578125 0.108203125
2 0.73046875 0.68125 0.023828125 0.108984375
2 0.69921875 0.67890625 0.0265625 0.121875
1 0.6515625 0.6953125 0.065625 0.078515625
2 0.60859375 0.67578125 0.026953125 0.1203125
2 0.58203125 0.678125 0.028125 0.121484375
2 0.5515625 0.66875 0.034375 0.1375
2 0.51796875 0.6671875 0.034375 0.14375
2 0.48515625 0.665625 0.0328125 0.14375
2 0.45078125 0.66484375 0.034375 0.148046875
2 0.41484375 0.66171875 0.038671875 0.15625
2 0.38515625 0.66640625 0.032421875 0.1484375
2 0.3515625 0.665625 0.03515625 0.146484375
2 0.31796875 0.66875 0.033203125 0.14453125
2 0.284375 0.66796875 0.037109375 0.14375
2 0.25234375 0.6734375 0.040625 0.140234375
2 0.21953125 0.67265625 0.0375 0.145703125
2 0.184375 0.67265625 0.0375 0.139453125
2 0.11875 0.86640625 0.03828125 0.1421875
2 0.1546875 0.865625 0.037109375 0.143359375
2 0.18828125 0.86640625 0.0359375 0.144921875
2 0.22109375 0.86328125 0.032421875 0.139453125
2 0.25546875 0.8625 0.0375 0.140234375
2 0.28359375 0.85390625 0.016796875 0.145703125
2 0.3234375 0.85859375 0.069140625 0.139453125
2 0.38359375 0.86171875 0.0484375 0.1359375
2 0.43359375 0.8625 0.048046875 0.137109375
2 0.48359375 0.85390625 0.048828125 0.148046875
2 0.540625 0.85625 0.065234375 0.14375
2 0.584375 0.86328125 0.028125 0.1265625
2 0.6109375 0.8640625 0.028125 0.127734375
2 0.6578125 0.8625 0.059765625 0.134765625
2 0.696875 0.85625 0.02578125 0.14296875
2 0.72265625 0.853125 0.030078125 0.14375
2 0.765625 0.8515625 0.059765625 0.158984375
2 0.821875 0.853125 0.05703125 0.16171875
2 0.86875 0.8515625 0.030859375 0.159765625
2 0.8984375 0.853125 0.037109375 0.146484375
2 0.92734375 0.87109375 0.017578125 0.1140625
2 0.94609375 0.87421875 0.023828125 0.1125
2 0.971875 0.859375 0.033984375 0.14453125
2 0.99296875 0.86015625 0.0140625 0.1484375
2 0.1515625 0.66953125 0.040625 0.1453125
2 0.115625 0.671875 0.040234375 0.14296875
2 0.08046875 0.6734375 0.0375 0.14609375
2 0.0453125 0.67578125 0.03984375 0.148046875
2 0.0125 0.67578125 0.025 0.146875
2 0.0203125 0.86640625 0.037109375 0.151171875
2 0.0546875 0.86484375 0.040625 0.146875
2 0.08671875 0.86328125 0.0390625 0.14375
2 0.2421875 0.11328125 0.02265625 0.132421875
2 0.0328125 0.0953125 0.043359375 0.15390625