     0/199     9.76G   0.08478     0.153   0.01944    0.2572       480       640   0.02969   0.04516  0.005793 0.0008606    0.1175     0.251    0.0176
     1/199     12.9G   0.07098    0.1406  0.007681    0.2192       600       640    0.1152    0.1724   0.08182   0.01641    0.1032    0.2939   0.01293
     2/199       17G   0.06175    0.1442  0.003403    0.2094      1168       640     0.172    0.2315    0.1663   0.03764    0.1028    0.2548   0.01113
     3/199       17G   0.05907    0.1511  0.002828     0.213       632       640   0.07161    0.1426   0.03449  0.005435    0.1283    0.2642  0.009449
     4/199       17G   0.06255    0.1431  0.002965    0.2086       731       640    0.2164    0.2352    0.2242   0.06312    0.1215    0.2312  0.009234
     5/199       17G   0.05559    0.1354  0.002053     0.193      1686       640    0.2268    0.2224    0.2293   0.05125    0.1322    0.1883  0.007903
     6/199       17G   0.04341     0.137  0.001995    0.1824       701       640   0.08446    0.1697   0.04346   0.00921    0.1226     0.291    0.0107
     7/199       17G   0.03822    0.1406  0.001556    0.1804      1045       640    0.1005    0.1913   0.06476   0.01508    0.1269    0.2025   0.01026
     8/199       17G   0.04368    0.1421  0.001822    0.1876       637       640    0.3201    0.3105    0.3218    0.1615    0.1184    0.2026  0.009234
     9/199       17G    0.0363    0.1398   0.00112    0.1772      1043       640    0.9569    0.3019    0.3073    0.1274    0.1166     0.261  0.008518
    10/199       17G   0.03268    0.1366  0.001234    0.1705       641       640    0.9955    0.3259    0.3314     0.198    0.1154    0.2339  0.008132
    11/199       17G   0.03451    0.1451  0.001196    0.1808       816       640    0.9864    0.3154    0.3198    0.0731    0.1178    0.2236  0.008707
    12/199       17G   0.03583    0.1419  0.001405    0.1792       723       640    0.3287    0.3273    0.3307     0.203     0.112    0.2616  0.008383
    13/199       17G   0.03578    0.1333  0.001149    0.1702      1110       640     0.994    0.3304    0.3327    0.1625    0.1039    0.2928  0.008303
    14/199       17G   0.03159    0.1408 0.0008912    0.1733      1361       640     0.993     0.329    0.3306    0.2008    0.1044    0.2606   0.00864
    15/199       17G   0.02968     0.139   0.00084    0.1695       267       640    0.9954    0.3283    0.3316    0.2368    0.1033    0.2633  0.008042
    16/199       17G   0.02833    0.1283 0.0007635    0.1573      1010       640    0.9964    0.3285    0.3314    0.2351    0.1025    0.2677  0.008438
    17/199       17G   0.02859    0.1343 0.0007324    0.1636       268       640    0.9968    0.3284    0.3316    0.2367   0.09841    0.2952  0.008207
    18/199       17G   0.03679    0.1449  0.001047    0.1827      1282       640    0.9967     0.327    0.3305    0.1909    0.1007    0.3019  0.007827
    19/199       17G   0.03132     0.129  0.001109    0.1614      1081       640    0.9942    0.3298    0.3314     0.183   0.09768    0.3401  0.007433
    20/199       17G   0.03384    0.1382  0.001051    0.1731       501       640    0.9973      0.33    0.3316    0.2351   0.08989    0.3754  0.006079
    21/199       17G   0.02843    0.1387 0.0006483    0.1677      1189       640    0.9949    0.3317    0.3319    0.2318   0.08706    0.3514  0.005081
    22/199       17G    0.0304    0.1398 0.0007044    0.1709       269       640    0.9958    0.3331    0.3322    0.2364   0.08621    0.3393  0.005998
    23/199       17G   0.02549    0.1409 0.0006367     0.167      1523       640    0.9972    0.3326    0.3323    0.2386    0.0843    0.3762  0.004264
    24/199       17G   0.02815    0.1436   0.00114    0.1729      1704       640    0.9967    0.3331    0.3326    0.2455   0.08537    0.3891   0.00404
    25/199       17G   0.02694    0.1399 0.0006442    0.1675       820       640    0.9974    0.3322    0.3321     0.239   0.08438    0.4024  0.004297
    26/199       17G   0.02195    0.1396 0.0006088    0.1622       577       640    0.9968    0.3323    0.3325    0.2408     0.084    0.4061  0.004131
    27/199       17G    0.0244    0.1246 0.0009555      0.15      1236       640    0.9975    0.3331    0.3325    0.2574   0.08222    0.4194   0.00427
    28/199       17G   0.02341     0.138 0.0006073    0.1621      1166       640    0.9974    0.3332     0.333    0.2374   0.08424    0.4283   0.00548
    29/199       17G   0.02701    0.1324 0.0006456    0.1601      1026       640    0.9973    0.3327    0.3333     0.255   0.08274     0.407  0.007354
    30/199       17G   0.02577    0.1334 0.0006001    0.1598       915       640    0.9977    0.3329    0.3334    0.2473   0.08345    0.4387  0.006466
    31/199       17G   0.02574    0.1287 0.0005742    0.1551       806       640    0.3348    0.3541    0.3419    0.2607   0.08307    0.4138  0.004867
    32/199       17G   0.02651     0.129 0.0009414    0.1565       384       640    0.3467    0.3749     0.379    0.2713   0.08259    0.4278  0.007404
    33/199       17G   0.02568     0.131 0.0006072    0.1573      1074       640    0.3142    0.3958    0.3561    0.2667   0.08243    0.4147  0.008907
    34/199       17G   0.01953    0.1212 0.0005517    0.1413      1213       640    0.4855    0.3541    0.3639    0.2768   0.08157    0.4217  0.009401
    35/199       17G   0.01982    0.1242 0.0005718    0.1446       893       640    0.9304    0.3541    0.3713     0.281   0.08163     0.383  0.007432
    36/199       17G   0.02352     0.133 0.0005518    0.1571       760       640    0.8129    0.3749    0.3836    0.2799   0.08226    0.4151  0.005378
    37/199       17G   0.02221     0.119   0.00106    0.1423       485       640    0.7051    0.3958    0.3997    0.3004   0.08134    0.4366   0.00557
    38/199       17G    0.0185     0.123 0.0005574     0.142       649       640    0.8965    0.5208    0.5605    0.4051   0.08139    0.4078  0.004558
    39/199       17G   0.02152    0.1216  0.000833    0.1439       276       640    0.9184    0.5416      0.58    0.4064   0.08133    0.4095   0.00422
    40/199       17G   0.02152    0.1271 0.0005285    0.1491       390       640    0.9818    0.5401    0.5821    0.4071   0.08179    0.4055  0.004019
    41/199       17G   0.02461    0.1279  0.001032    0.1535       683       640    0.9152    0.5624    0.5816    0.4177   0.08109    0.4039  0.003875
    42/199       17G    0.0254     0.137 0.0005718     0.163       774       640    0.5624    0.6548    0.6378    0.4216   0.08136    0.4242  0.003805
    43/199       17G   0.02205    0.1245  0.000889    0.1474       366       640    0.5824    0.6249    0.6338    0.4209    0.0804    0.3902  0.003904
    44/199       17G   0.02166    0.1243 0.0005139    0.1465       398       640    0.9897    0.6041    0.6491    0.4384   0.08076    0.4153    0.0043
    45/199       17G   0.02469    0.1236 0.0005574    0.1489       801       640    0.9702    0.6041    0.6357    0.4349   0.08078    0.4295  0.004072
    46/199       17G   0.02353    0.1219 0.0008502    0.1463       512       640    0.9962    0.6041    0.6305    0.4438   0.08055    0.4176  0.003907
    47/199       17G   0.02191     0.124 0.0004896    0.1464       510       640     0.998    0.6249    0.6372    0.4373     0.081    0.4177   0.00367
    48/199       17G   0.02389    0.1288 0.0009087    0.1536       442       640    0.9955    0.6249    0.6381    0.4721   0.08053    0.4203  0.003759
    49/199       17G   0.01895    0.1215 0.0004493    0.1409       454       640    0.9963    0.6247    0.6365    0.4673   0.08049    0.3986  0.003512
    50/199       17G   0.02632    0.1224 0.0004888    0.1492       662       640    0.9978    0.6249     0.635    0.4755   0.08063    0.4141  0.003902
    51/199       17G   0.01906    0.1188 0.0004822    0.1383       570       640    0.9981    0.6248     0.635    0.4712   0.08064    0.4044  0.003788
    52/199       17G   0.01837    0.1284 0.0004115    0.1472       503       640     0.998    0.6246    0.6394     0.477   0.08068    0.4202  0.003671
    53/199       17G   0.01687    0.1197 0.0003986     0.137       833       640    0.9963    0.6249    0.6415    0.4794   0.08047    0.4368  0.003659
    54/199       17G   0.02053    0.1218 0.0008954    0.1433       779       640    0.9981    0.6246    0.6415    0.4598   0.07956    0.4367  0.003468
    55/199       17G   0.02174    0.1273 0.0004802    0.1496       354       640    0.9982    0.6248    0.6435    0.4759   0.07883    0.4224  0.003413
    56/199       17G   0.01915    0.1255 0.0008038    0.1454       681       640     0.998    0.6248    0.6409     0.478   0.07861    0.4302   0.00331
    57/199       17G   0.01887    0.1124 0.0004231    0.1317       352       640    0.9984    0.6037    0.6239    0.4552   0.07766    0.4366  0.003417
    58/199       17G   0.02115     0.129 0.0004245    0.1506      1367       640    0.9982    0.6246    0.6393    0.4755   0.07739    0.4488  0.003552
    59/199       17G   0.01663    0.1213 0.0003942    0.1383       601       640    0.9981    0.6246    0.6501    0.4861   0.07698    0.4498  0.003439
    60/199       17G   0.01751    0.1247 0.0004039    0.1426       852       640    0.9982    0.6245    0.6406    0.4666   0.07691    0.4434  0.003287
    61/199       17G   0.02161    0.1184 0.0004109    0.1405       954       640    0.9981    0.6244    0.6419    0.4839   0.07643    0.4493  0.003196
    62/199       17G   0.02054    0.1217 0.0004023    0.1426       882       640    0.9981    0.6246    0.6366    0.4763   0.07609    0.4703  0.003253
    63/199       17G   0.01622    0.1163 0.0006485    0.1332       658       640    0.9981    0.6246    0.6386    0.4542   0.07599    0.4666   0.00338
    64/199       17G   0.02208    0.1284 0.0004107    0.1509       259       640     0.998    0.6245    0.6321     0.465   0.07543    0.4641  0.003743
    65/199       17G   0.02059    0.1215 0.0005831    0.1427      1497       640    0.9981    0.6247    0.6359    0.4921   0.07545    0.4847  0.003367
    66/199       17G   0.01728    0.1175 0.0003851    0.1351       340       640     0.998    0.6239    0.6472     0.484   0.07499     0.477   0.00305
    67/199       17G   0.02208     0.118 0.0008138    0.1409       246       640    0.9985    0.6239    0.6521    0.4927   0.07437    0.4764  0.002982
    68/199       17G   0.02207    0.1162 0.0003864    0.1386       428       640    0.9981    0.6203    0.6425    0.4898   0.07409    0.4759  0.002875
    69/199       17G   0.01959      0.12 0.0003626    0.1399       601       640    0.9984    0.6235    0.6486     0.487   0.07477    0.4966  0.002797
    70/199       17G    0.0267    0.1211 0.0003862    0.1482       618       640    0.9747     0.603     0.628    0.4822   0.07464    0.5069  0.002806
    71/199       17G   0.01974    0.1233 0.0007335    0.1438      1084       640    0.9983    0.6239    0.6488     0.493   0.07414    0.5024  0.002727
    72/199       17G   0.02223    0.1213 0.0006506    0.1441       307       640    0.9984    0.6245    0.6412    0.4791   0.07453    0.5182  0.002772
    73/199       17G   0.02123    0.1254 0.0007712    0.1474       336       640    0.9978    0.6203     0.638    0.4677   0.07493    0.5166  0.002918
    74/199       17G   0.02436    0.1259  0.000432    0.1507      1103       640    0.9985    0.6227    0.6564    0.4983    0.0743    0.5119  0.002928
    75/199       17G   0.01893    0.1173 0.0003597    0.1366      1042       640    0.9985    0.6241    0.6627    0.4973   0.07446    0.5252  0.002934
    76/199       17G   0.02341    0.1218 0.0006319    0.1458       827       640    0.9985    0.6231    0.6645    0.4877   0.07417    0.5052  0.002838
    77/199       17G   0.01791    0.1215 0.0003571    0.1398       698       640    0.9984    0.6226    0.6528    0.5019   0.07438    0.5052  0.003026
    78/199       17G   0.02185    0.1217 0.0003953     0.144      1177       640    0.9978    0.6235    0.6454    0.4896   0.07453    0.5226  0.002879
    79/199       17G   0.02333    0.1215 0.0003583    0.1452       401       640    0.9986    0.6218    0.6537    0.4926   0.07393    0.5077  0.002732
    80/199       17G   0.02183     0.121 0.0003887    0.1432       612       640    0.9989    0.6217    0.6396    0.4747   0.07429    0.5043  0.002676
    81/199       17G   0.01905    0.1216 0.0003242     0.141      1028       640    0.9986    0.6219    0.6511    0.4732   0.07429     0.521   0.00264
    82/199       17G   0.01911    0.1207 0.0003327    0.1401       893       640    0.9988    0.6238    0.6766    0.4979   0.07463    0.5292  0.002699
    83/199       17G   0.01909    0.1239 0.0003417    0.1433      1025       640    0.9988    0.6018    0.6399    0.4925   0.07445    0.5335  0.002533
    84/199       17G   0.01666    0.1167 0.0003345    0.1337       641       640    0.9984    0.6248    0.6638    0.5044   0.07446    0.5288  0.002526
    85/199       17G   0.02267    0.1244 0.0003397    0.1474       902       640    0.9988    0.6236    0.6696    0.4947   0.07428    0.5422  0.002548
    86/199       17G   0.02003     0.121 0.0007123    0.1417       660       640    0.9979    0.6249    0.6633    0.4882   0.07388    0.5359  0.002446
    87/199       17G   0.02603     0.122 0.0003515    0.1484       888       640    0.9988    0.6243      0.67     0.487   0.07371    0.5321  0.002421
    88/199       17G   0.01643    0.1236 0.0003469    0.1404       868       640    0.9989    0.6202    0.6826    0.4814   0.07388    0.5442   0.00239
    89/199       17G   0.02099    0.1153 0.0003254    0.1366      1081       640    0.9987     0.599    0.6594    0.5057   0.07369    0.5513  0.002399
    90/199       17G   0.01773    0.1207 0.0003364    0.1388       866       640    0.9989    0.6241    0.6717    0.4973   0.07401     0.549  0.002413
    91/199       17G   0.01838    0.1173 0.0003148     0.136       989       640    0.9986    0.6242    0.6805    0.4972   0.07374    0.5391  0.002359
    92/199       17G   0.02208    0.1195 0.0003184    0.1419       681       640    0.9984    0.6249    0.6858     0.503    0.0736    0.5513  0.002382
    93/199       17G   0.02309    0.1208  0.000326    0.1442       787       640    0.9984    0.5976    0.7072    0.5098   0.07371    0.5409  0.002346
    94/199       17G   0.02081    0.1202 0.0003293    0.1414       759       640     0.583    0.7404    0.6996    0.5012   0.07329    0.5605  0.002235
    95/199       17G   0.02429     0.116 0.0003306    0.1406       739       640    0.7298    0.7307    0.7481    0.5122   0.07355    0.5683  0.002315
    96/199       17G   0.02176    0.1165 0.0003125    0.1386       780       640    0.9989    0.6234    0.7194    0.4968   0.07364    0.5471  0.002215
    97/199       17G    0.0243    0.1183 0.0003135    0.1429       695       640    0.7551    0.7307    0.7438    0.5161   0.07373    0.5447  0.002258
    98/199       17G   0.02082    0.1151 0.0003147    0.1362      1165       640    0.8469    0.7099    0.7472    0.5231   0.07402    0.5554  0.002271
    99/199       17G   0.01472    0.1183 0.0002977    0.1334       392       640    0.8285    0.7019    0.7625    0.5313   0.07425    0.5328  0.002253
   100/199       17G   0.01983    0.1185 0.0003088    0.1387       399       640    0.7596       0.7    0.7517    0.5196   0.07405    0.5559  0.002344
   101/199       17G   0.02186    0.1166 0.0003094    0.1388       788       640    0.8377    0.7019    0.7498    0.5264   0.07378    0.5512  0.002371
   102/199       17G   0.02664    0.1128 0.0003078    0.1398      1326       640    0.8007    0.7137    0.7685    0.5202   0.07325    0.5657   0.00227
   103/199       17G   0.02204    0.1157 0.0003174     0.138       862       640     0.821    0.7019    0.7604    0.5408   0.07314    0.5714   0.00226
   104/199       17G    0.0177    0.1101  0.000285    0.1281       498       640    0.9953    0.6157    0.7417    0.4973   0.07331    0.5672  0.002424
   105/199       17G   0.02168    0.1173 0.0002914    0.1393       922       640    0.8194    0.7435    0.7917    0.5321   0.07325    0.5691  0.002266
   106/199       17G   0.01828      0.11 0.0006331    0.1289       618       640    0.8326    0.7275    0.7857    0.5378   0.07334    0.5654  0.002246
   107/199       17G   0.02007    0.1157 0.0002875     0.136       525       640     0.847    0.7273    0.7871    0.5415   0.07353     0.567  0.002229
   108/199       17G   0.01804    0.1169 0.0002887    0.1353       699       640    0.7325    0.7739    0.7868    0.5137   0.07365    0.5857  0.002294
   109/199       17G   0.02287    0.1153 0.0002903    0.1385       449       640    0.7755    0.7275     0.762     0.522   0.07369    0.5763  0.002294
   110/199       17G   0.02665    0.1184 0.0008064    0.1459       956       640    0.7689     0.714    0.7913    0.5459    0.0731    0.5891  0.002203
   111/199       17G    0.0205    0.1158 0.0002948    0.1366       955       640     0.841    0.6762    0.7348     0.518   0.07332    0.6076  0.002191
   112/199       17G   0.01892    0.1158 0.0005609    0.1353       725       640    0.7781    0.7147    0.7599    0.5214   0.07322    0.6062  0.002107
   113/199       17G   0.02035    0.1181 0.0006682    0.1391       413       640    0.8015    0.7275    0.7864    0.5488   0.07319    0.5848  0.002057
   114/199       17G   0.02264     0.118 0.0006558    0.1413       938       640    0.8664    0.7146     0.784    0.5526   0.07331    0.5773  0.002064
   115/199       17G   0.01793    0.1176 0.0003624    0.1359      1225       640    0.7789    0.7531    0.7896    0.5586   0.07325    0.5857  0.002077
   116/199       17G   0.01897    0.1161 0.0003166    0.1354       259       640    0.8005    0.7787     0.838    0.5542   0.07377    0.5799  0.002154
   117/199       17G   0.02031    0.1181  0.000387    0.1388      1195       640    0.7648    0.7916     0.834    0.5513   0.07325    0.5993  0.002198
   118/199       17G   0.02268    0.1126 0.0003194    0.1356      1324       640    0.8252    0.7403    0.7901    0.5592   0.07279    0.6049  0.002193
   119/199       17G   0.02107    0.1126 0.0004005    0.1341      1076       640     0.767    0.7565    0.8005    0.5501   0.07257    0.6065  0.002133
   120/199       17G   0.01699    0.1203 0.0003066    0.1376       387       640    0.8577     0.766    0.8149    0.5691   0.07308     0.583  0.002072
   121/199       17G   0.02379    0.1201 0.0003211    0.1442      1075       640    0.7864    0.7788    0.8154    0.5529   0.07336    0.5936  0.002015
   122/199       17G   0.02274    0.1159 0.0004283    0.1391       923       640    0.8571    0.7788    0.8297    0.5566   0.07334     0.597  0.002015
   123/199       17G   0.01892    0.1137 0.0002733    0.1329       993       640    0.8861    0.7538    0.8494    0.5576   0.07335    0.6082  0.002045
   124/199       17G   0.02257    0.1145 0.0002835    0.1374       652       640    0.7769    0.8116    0.8482    0.5568   0.07322    0.6097  0.002094
   125/199       17G   0.01766    0.1122 0.0002616    0.1301       817       640    0.8038    0.7996    0.8233    0.5669   0.07299    0.6147  0.002007
   126/199       17G   0.01654    0.1152 0.0002479     0.132       773       640    0.8185    0.7691    0.7994    0.5593   0.07331    0.6157  0.001981
   127/199       17G   0.01779    0.1156  0.001053    0.1344       654       640    0.9108    0.7246    0.8111    0.5625   0.07334    0.5993  0.001942
   128/199       17G   0.01998    0.1158 0.0002655    0.1361      1154       640    0.8074    0.7868    0.8112    0.5638   0.07329    0.6329   0.00201
   129/199       17G   0.01626    0.1116 0.0005203    0.1284       480       640    0.9314    0.7794     0.839    0.5675   0.07292    0.6281  0.001952
   130/199       17G   0.02189    0.1141 0.0002618    0.1363       591       640    0.8985    0.7704    0.8329    0.5655   0.07315    0.6306  0.001931
   131/199       17G   0.02309    0.1136 0.0005993    0.1373       816       640     0.893    0.7423    0.8197    0.5896   0.07351    0.6038  0.001898
   132/199       17G   0.01878    0.1151 0.0002731    0.1341       502       640    0.8419    0.7825     0.826    0.6017   0.07373    0.5883  0.001877
   133/199       17G   0.02122    0.1189 0.0002705    0.1404      1248       640     0.896    0.7915    0.8537    0.6017   0.07362    0.5994  0.001875
   134/199       17G   0.02211      0.11 0.0006301    0.1328       803       640     0.889    0.8251    0.8708    0.6076    0.0734    0.6336  0.001927
   135/199       17G    0.0186    0.1083  0.000244    0.1272       632       640    0.8941    0.8329    0.8765    0.6002   0.07372    0.6404  0.001968
   136/199       17G   0.02451    0.1126 0.0005506    0.1376       962       640    0.9764     0.737    0.8604    0.5997   0.07379    0.6234  0.001929
   137/199       17G   0.01759    0.1203  0.000241    0.1381      1159       640    0.8552    0.8139    0.8769    0.6039   0.07378    0.6388   0.00193
   138/199       17G   0.02195    0.1123 0.0002698    0.1345       547       640    0.8149    0.8332    0.8869    0.6089   0.07373    0.6425  0.001964
   139/199       17G   0.02352     0.116 0.0008754    0.1404      1130       640      0.86    0.8172    0.8646    0.5881   0.07344    0.6301  0.001967
   140/199       17G   0.01858    0.1141 0.0002488    0.1329       621       640    0.9763    0.7586    0.8663    0.6096   0.07355     0.656  0.002028
   141/199       17G     0.026    0.1134  0.001384    0.1408       780       640    0.9763    0.7568    0.9241     0.624   0.07343    0.6347  0.002116
   142/199       17G   0.01852    0.1091 0.0003038    0.1279       461       640    0.9674    0.7787    0.8999     0.613    0.0734     0.652   0.00238
   143/199       17G   0.02572    0.1126 0.0003109    0.1387       314       640    0.9068    0.8044    0.9086    0.6347   0.07346    0.6368    0.0025
   144/199       17G   0.02197    0.1127 0.0004183    0.1351       318       640    0.9763    0.7759    0.8963    0.6248   0.07359    0.6338  0.002433
   145/199       17G   0.02595    0.1124 0.0004485    0.1388      1059       640    0.9759    0.7468    0.8502    0.6172   0.07349    0.6388   0.00234
   146/199       17G   0.02191    0.1108  0.000274     0.133       620       640    0.9599    0.7587    0.8541    0.6199    0.0735    0.6496  0.002287
   147/199       17G   0.02208    0.1119 0.0002742    0.1343       694       640    0.9669    0.7569    0.8578    0.6187   0.07327    0.6451  0.002303
   148/199       17G   0.02084    0.1108 0.0002548    0.1319       578       640    0.9317    0.8124    0.8517    0.6311   0.07312    0.6651  0.002315
   149/199       17G   0.01839    0.1176 0.0004371    0.1365      1111       640    0.9188    0.8154    0.8652    0.6294    0.0733    0.6699  0.002363
   150/199       17G   0.02223    0.1139 0.0007775    0.1369       633       640    0.9767    0.7823    0.8772    0.6388   0.07367    0.6653  0.002467
   151/199       17G   0.02339    0.1133 0.0002812     0.137      1186       640    0.9572    0.8042    0.9284    0.6532    0.0736    0.6614  0.002468
   152/199       17G    0.0237    0.1123 0.0002883    0.1363       557       640    0.9424    0.8043    0.9021    0.6462   0.07359    0.6751  0.002479
   153/199       17G   0.01603    0.1096 0.0002258    0.1259       662       640    0.9334    0.8205    0.8923    0.6404   0.07336    0.6821  0.002331
   154/199       17G   0.02319     0.113 0.0005888    0.1368       281       640    0.9615    0.8295    0.9171     0.647   0.07339    0.6684  0.002335
   155/199       17G   0.01969    0.1176 0.0004116    0.1377      1018       640    0.9392    0.8121    0.8734    0.6208   0.07335    0.6751  0.002298
   156/199       17G   0.02111    0.1079 0.0003097    0.1293      1085       640    0.9768    0.7962    0.9197    0.6277    0.0734    0.6899  0.002292
   157/199       17G   0.01629    0.1113 0.0004369     0.128       500       640    0.9554    0.8171    0.8989    0.6356   0.07341     0.653  0.001975
   158/199       17G   0.02318     0.113 0.0003988    0.1365       934       640    0.9589    0.8179    0.8822    0.6315   0.07386     0.651  0.001962
   159/199       17G   0.01627    0.1117 0.0002453    0.1282       491       640    0.9395    0.8172    0.8944    0.6282   0.07364    0.6543  0.002018
   160/199       17G   0.02457      0.11 0.0004811    0.1351       691       640    0.9767    0.7786    0.8699    0.6365   0.07348    0.6919  0.002074
   161/199       17G   0.01908      0.11 0.0002584    0.1293       613       640    0.9186    0.8443    0.8877     0.624   0.07325    0.6885  0.002055
   162/199       17G   0.01623    0.1087 0.0002307    0.1252       773       640    0.8843    0.8934    0.9323    0.6508   0.07308    0.7028  0.002083
   163/199       17G   0.01987    0.1078 0.0002291    0.1279       638       640    0.9495    0.8967    0.9452    0.6509   0.07325     0.712  0.002134
   164/199       17G   0.02121    0.1129 0.0002564    0.1343       534       640    0.9596    0.8303    0.9159    0.6401   0.07343    0.7153  0.002128
   165/199       17G     0.015    0.1146 0.0006621    0.1303       439       640    0.9563    0.8023    0.9062    0.6223   0.07365    0.6903  0.002062
   166/199       17G   0.01748    0.1081 0.0003388    0.1259      1303       640    0.9765    0.7774    0.8831    0.6064   0.07364    0.6936  0.002029
   167/199       17G   0.02346     0.114 0.0002693    0.1378      1258       640    0.9617    0.8395    0.9135    0.6338   0.07356     0.683  0.001976
   168/199       17G   0.01963     0.111 0.0005568    0.1312       624       640    0.9449    0.8378    0.9278    0.6426   0.07386    0.6759  0.001951
   169/199       17G   0.02062     0.113 0.0002451    0.1338       798       640    0.8918    0.8618    0.9236    0.6246   0.07402    0.6749  0.002026
   170/199       17G    0.0163    0.1119 0.0005234    0.1287      1270       640     0.999    0.7857    0.9206    0.6476   0.07413    0.6764  0.002055
   171/199       17G   0.01498    0.1108 0.0002294     0.126       525       640    0.9315     0.858    0.9032     0.636   0.07441    0.6854  0.002109
   172/199       17G   0.01597    0.1155 0.0003038    0.1318       465       640     0.924    0.8144    0.9143    0.6363   0.07391    0.6808  0.001967
   173/199       17G   0.01849    0.1125 0.0002295    0.1312      1002       640    0.9058    0.8717     0.923    0.6503   0.07397    0.6916  0.002043
   174/199       17G   0.01879    0.1111 0.0004008    0.1303      1337       640    0.9159    0.8585    0.9091    0.6334   0.07406    0.6941  0.002101
   175/199       17G   0.02462    0.1148  0.000684    0.1402      1194       640    0.9874    0.7785    0.8777    0.6205   0.07407     0.688  0.002174
   176/199       17G   0.02076    0.1125 0.0003735    0.1336      1690       640     0.992    0.7977    0.8513    0.5853   0.07432    0.6689  0.001824
   177/199       17G   0.02122    0.1096 0.0004909    0.1313       238       640    0.8852    0.8457    0.8878    0.6196   0.07418    0.6892  0.001893
   178/199       17G   0.02101    0.1143 0.0004655    0.1358       912       640    0.9726    0.7994    0.9083    0.6114   0.07412    0.6933  0.002267
   179/199       17G   0.01764    0.1137  0.000289    0.1317       629       640    0.9278     0.846    0.8981    0.6108   0.07388    0.6808  0.002141
   180/199       17G   0.01753    0.1075 0.0002646    0.1253       636       640    0.9666    0.8331     0.906    0.6189   0.07403    0.6997  0.002111
   181/199       17G   0.02109     0.108 0.0002523    0.1293       278       640      0.93    0.8586     0.887    0.6209   0.07403    0.7117   0.00216
   182/199       17G    0.0246    0.1117 0.0002676    0.1366      1308       640    0.9751    0.8585    0.9187    0.6382   0.07405    0.7032  0.002111
   183/199       17G   0.01407    0.1151 0.0002364    0.1295      1507       640    0.9127    0.8961    0.9354    0.6476   0.07422    0.6959  0.002158
   184/199       17G   0.02335    0.1115 0.0002714    0.1351      1113       640    0.9391    0.8556    0.9295    0.6605   0.07425    0.6902  0.002107
   185/199       17G   0.01637    0.1111 0.0002318    0.1277       486       640    0.9106    0.8844    0.9235    0.6538   0.07418    0.7019  0.002151
   186/199       17G   0.02446    0.1184 0.0009642    0.1439       836       640    0.9769     0.782    0.8995    0.6474   0.07377    0.7074  0.002298
   187/199       17G    0.0185    0.1075 0.0002277    0.1263       723       640    0.9766    0.8132    0.9102    0.6532   0.07377    0.7103    0.0022
   188/199       17G   0.02356    0.1105 0.0002628    0.1343      1016       640    0.9597    0.8453    0.9166    0.6416   0.07397    0.7067   0.00221
   189/199       17G   0.02267    0.1123 0.0002575    0.1352       493       640    0.9777    0.8282    0.9198    0.6383   0.07389    0.7022  0.002163
   190/199       17G   0.02199    0.1065 0.0004737    0.1289       646       640    0.9982    0.8039    0.8939    0.6228   0.07365    0.7094  0.002288
   191/199       17G   0.01848    0.1121 0.0004108     0.131      1333       640    0.9243    0.8589    0.8979    0.6456   0.07371    0.7167  0.002308
   192/199       17G   0.01745    0.1102 0.0002459    0.1279       547       640    0.9473    0.8971    0.9326    0.6647   0.07393    0.7049  0.002399
   193/199       17G   0.02155    0.1141 0.0002491    0.1359       477       640    0.9766    0.8335    0.9359    0.6515   0.07411    0.6947   0.00232
   194/199       17G   0.01971    0.1137  0.000216    0.1336       461       640    0.9388    0.8973    0.9256    0.6665   0.07418    0.6999  0.002325
   195/199       17G   0.01966    0.1169 0.0002319    0.1368      1002       640    0.9439    0.8635    0.9199    0.6519   0.07433    0.6975  0.002261
   196/199       17G   0.01761    0.1111 0.0002275    0.1289       593       640     0.965    0.8299    0.9177    0.6472    0.0746    0.6996  0.002218
   197/199       17G   0.01473    0.1101 0.0002816    0.1252       263       640    0.9726    0.8298    0.9288    0.6589   0.07427       0.7  0.002228
   198/199       17G   0.01498    0.1089  0.000204    0.1241       670       640    0.9586     0.857    0.9157    0.6463   0.07421    0.7077  0.002206
   199/199       17G   0.02206     0.109  0.000387    0.1315       711       640    0.9289    0.8974     0.933    0.6577   0.07447    0.6999  0.002251
